J0054+6650 R      1.3902 14.56000 0.00200 31.50 282  14.00   6.00  1.00  0.40   45.0  22.5  0.0163839999999999993   9.7128119534975035 -1.24  0.07   9.000  0.500                                        
J0102+5356 R K15  0.3543 55.62000 0.00080 27.28  88   4.00   1.40  1.10  0.40   60.0  30.0  0.0039321600000000005   8.3141422203532578  0.13  0.13   3.200  0.300                                        
J0139+3336 P M18  1.2480 21.22300 0.00400 16.63 157  13.00   6.00  1.00  0.50   43.0  21.5  0.0078643200000000010   9.4084254813065620 -1.65  0.09   9.400  0.800                                        
J0201+7005 R K15  1.3492 21.04700 0.00200 10.90   9   2.60   0.80  0.19  0.06   37.0  18.5  0.0026214400000000001   3.2533828119851140               0.800  0.300   12.0   0.9    2.5    1.25 -0.20  0.50
J0209+5759 C      1.0639 55.85500 0.00400 26.62  43  13.00   7.00  1.20  0.70   29.0  14.5  0.0078643200000000010   5.0339729692570065 -0.25  0.11   1.600  0.200   25.0   2.4   25.1   12.55 -0.60  0.30
J0226+3356 C      1.2401 27.39700 0.01400 18.00                                                                                                                     43.0   3.5    3.3    1.65 -0.90  0.30
J0317+1328 P M18  1.9742 12.74520 0.00100 10.07  59   3.20   1.30  0.16  0.07   41.0  20.5  0.0013107200000000000   3.8623408514731019 -5.30  0.80   5.900  0.800   20.0   1.1    3.8    1.90 -1.80  0.40
J0332+79   R K15  2.0562 16.58900 0.00700 15.42   1   5.90         0.29         15.0   7.5  0.0058982399999999999   1.0000000000000000               0.065  0.001                                        
J0348+79   C             26.09000 0.03000 26.73   6  36.00  15.00                9.0   4.5  0.0360448000000000018   2.9799984928977366               0.220  0.090                                        
J0746+5514 C      2.8938 10.31800 0.00700 43.20  48  32.00  20.00  1.10  0.70   35.0  17.5  0.0111411200000000009  12.9074790759727396 -0.13  0.16   1.110  0.160                                        
J0854+5449 C      1.2330 18.84300 0.00300 24.20   2   2.29   0.98  0.19  0.08   19.0   9.5  0.0013107200000000000   1.3894107755455156               0.080  0.060   11.0   0.9    1.1    0.55  0.70  0.20
J0939+45   P             17.45000 0.04000 18.47   3  19.00   5.00                7.0   3.5  0.0131071999999999994   1.5726501356329874               0.160  0.090                                        
J1006+3015 P      3.0664 18.08500 0.00400 95.62 166  33.00  16.00  1.10  0.50   50.0  25.0  0.0386662399999999976  15.9717648490966706 -2.37  0.12   1.740  0.130                                        
J1132+2513 P S19  1.0021 23.71600 0.00700 11.23                                                                                                                     17.0   1.8    7.6    3.80 -1.30  0.40
J1218+47   P             20.14400 0.01100 34.68  13  16.00   9.00               13.0   6.5  0.0091750400000000006   3.5326795515640690               0.370  0.100                                        
J1329+13   P             12.36700 0.01300 49.62   5  23.00  11.00               11.0   5.5  0.0137625600000000001   1.2843417479780010               0.100  0.050                                        
J1336+3414 P      1.5066  8.46880 0.00110 79.00 132   5.00   3.00  0.31  0.18   48.0  24.0  0.0019660800000000003  10.9766657809164112  0.12  0.18   1.670  0.150                                        
J1400+2125 P      1.8555 11.21400 0.00300 86.67  43  17.00   6.00  0.90  0.30   29.0  14.5  0.0183500800000000013   4.1801744309477202 -3.30  0.60   0.500  0.080                                        
J1404+1159 P M18  2.6504 18.53000 0.03000  5.73                                                                                                                     62.0   2.3   19.1    9.55 -1.13  0.13
J1538+2345 R K15  3.4494 14.89814 0.00098 38.28 371   9.00   6.00  0.25  0.18   73.0  36.5  0.0052428800000000001  21.6133650545989084 -1.60  0.12   9.700  0.500  121.0   3.5    4.3    2.15 -0.51  0.17
J1848+1516 R M18  2.2338 77.48800 0.01100 32.50  67  41.00  12.00  1.80  0.60   16.0   8.0  0.0281804800000000008   2.9891704553729133 -0.20  0.40   2.100  0.300   52.0   2.3    4.5    2.25  0.52  0.14
J1931+4229 C      3.9210 50.98700 0.00600 53.72 133  49.00  20.00  1.20  0.50   22.0  11.0  0.0609484799999999993   8.9173726819329904 -1.06  0.07   2.500  0.200                                        
J2105+19   P      3.5298 34.47000 0.03000  7.65                                                                                                                    187.0   5.3    3.8    1.90 -1.40  0.90
J2108+4516 C      0.5774 82.52000 0.00700  6.23  75  24.00  12.00  4.00  2.00   10.0   5.0  0.0117964799999999998   2.8596730609207075  1.91  0.14  12.000  1.400   96.0  16.8  231.2  115.60 -0.40  0.40
J2138+69   C             46.53000 0.00300 30.83   9   7.00   2.00               20.0  10.0  0.0065535999999999997   1.7096146874619851               0.292  0.097                                        
J2202+2134 P S19  1.3573 17.74730 0.00190 18.07  11   3.00   0.70  0.22  0.05   25.0  12.5  0.0026214400000000001   3.1143984674804841               0.610  0.180   11.0   0.8    4.8    2.40 -1.00  0.90
J2215+4524 C      2.7231 18.59170 0.00160 37.23 121   9.00   5.00  0.32  0.18   19.0   9.5  0.0052428800000000001   4.1826414889487831 -1.76  0.17   3.300  0.300   21.0   0.8    1.7    0.85 -1.45  0.12
J2325-0530 R      0.8687 14.95800 0.00080  7.03 322  10.00   3.00  1.20  0.40  131.0  65.5  0.0072089600000000004  10.6897914924453801 -3.66  0.05  46.000  3.000   12.0   1.4    7.5    3.75 -3.70  0.50
J2355+1523 C      1.0964 26.92400 0.01600 51.92  14  17.00   8.00  1.50  0.70   15.0   7.5  0.0039321600000000005   2.8170401009243009               0.270  0.070